,VendorID,passenger_count,trip_distance,RatecodeID,store_and_fwd_flag,PULocationID,DOLocationID,payment_type,fare_amount,extra,mta_tax,tip_amount,tolls_amount,improvement_surcharge,total_amount,congestion_surcharge,tpep_pickup_datetime_formatted,tpep_dropoff_datetime_formatted
0,2.0,1.0,0.0,5.0,N,193,193,1.0,0.01,0.0,0.0,0.0,0.0,0.3,2.81,2.5,2019-12-18 15:27:49,2019-12-18 15:28:59
1,2.0,4.0,0.0,1.0,N,193,193,1.0,2.5,0.5,0.5,0.0,0.0,0.3,6.3,2.5,2019-12-18 15:30:35,2019-12-18 15:31:35
2,2.0,1.0,0.88,1.0,N,41,41,2.0,6.0,0.5,0.5,0.0,0.0,0.3,7.3,0.0,2019-12-31 23:48:07,2019-12-31 23:53:39
3,2.0,5.0,2.04,1.0,N,263,41,1.0,8.5,0.5,0.5,2.46,0.0,0.3,14.76,2.5,2019-12-31 21:39:23,2019-12-31 21:47:34
4,2.0,5.0,2.95,1.0,N,79,140,1.0,10.5,0.5,0.5,1.0,0.0,0.3,15.3,2.5,2019-12-31 22:11:41,2019-12-31 22:21:53
5,2.0,5.0,0.8,1.0,N,140,140,1.0,4.5,0.5,0.5,1.0,0.0,0.3,9.3,2.5,2019-12-31 22:25:34,2019-12-31 22:28:20
6,2.0,1.0,2.07,1.0,N,142,151,1.0,8.5,0.5,0.5,2.46,0.0,0.3,14.76,2.5,2019-12-31 15:57:03,2019-12-31 16:04:56
7,2.0,6.0,1.07,1.0,N,142,48,1.0,10.0,0.5,0.5,2.76,0.0,0.3,16.56,2.5,2019-12-31 13:58:16,2019-12-31 14:13:37
8,2.0,6.0,0.95,1.0,N,114,231,1.0,6.0,0.5,0.5,1.96,0.0,0.3,11.76,2.5,2019-12-31 14:08:25,2019-12-31 14:14:29
9,2.0,1.0,0.62,1.0,N,239,239,1.0,4.0,0.5,0.5,2.34,0.0,0.3,10.14,2.5,2019-12-31 23:53:15,2019-12-31 23:55:56
10,2.0,1.0,1.02,1.0,N,236,236,1.0,5.5,0.5,0.5,1.86,0.0,0.3,11.16,2.5,2019-12-31 23:44:29,2019-12-31 23:49:00
11,2.0,1.0,2.35,1.0,N,249,170,1.0,10.0,0.5,0.5,2.76,0.0,0.3,16.56,2.5,2019-12-31 23:38:55,2019-12-31 23:49:40
12,2.0,2.0,2.89,1.0,N,43,229,1.0,12.0,0.5,0.5,2.0,0.0,0.3,17.8,2.5,2019-12-31 23:11:17,2019-12-31 23:24:15
13,2.0,2.0,0.17,1.0,N,162,163,3.0,-3.0,-0.5,-0.5,0.0,0.0,-0.3,-6.8,-2.5,2019-12-31 23:26:25,2019-12-31 23:27:57
14,2.0,2.0,0.17,1.0,N,162,163,2.0,3.0,0.5,0.5,0.0,0.0,0.3,6.8,2.5,2019-12-31 23:26:25,2019-12-31 23:27:57
15,2.0,1.0,2.45,1.0,N,237,50,1.0,11.5,0.5,0.5,3.06,0.0,0.3,18.36,2.5,2019-12-31 23:31:17,2019-12-31 23:44:40
16,2.0,2.0,0.6,1.0,N,41,43,2.0,4.5,0.5,0.5,0.0,0.0,0.3,5.8,0.0,2019-12-31 23:46:56,2019-12-31 23:49:57
17,2.0,6.0,1.47,1.0,N,239,237,1.0,9.0,0.5,0.5,3.2,0.0,0.3,16.0,2.5,2019-12-31 15:44:13,2019-12-31 15:55:52
18,2.0,6.0,1.21,1.0,N,238,263,1.0,6.5,0.5,0.5,2.58,0.0,0.3,12.88,2.5,2019-12-31 16:14:16,2019-12-31 16:20:13
19,2.0,6.0,1.94,1.0,N,263,142,1.0,8.0,0.5,0.5,1.0,0.0,0.3,12.8,2.5,2019-12-31 16:24:48,2019-12-31 16:32:26
20,2.0,6.0,1.09,1.0,N,142,238,1.0,5.5,0.5,0.5,1.86,0.0,0.3,11.16,2.5,2019-12-31 16:33:41,2019-12-31 16:37:29
21,2.0,1.0,0.55,1.0,N,237,163,1.0,4.5,0.5,0.5,2.49,0.0,0.3,10.79,2.5,2019-12-31 19:10:16,2019-12-31 19:13:47
22,2.0,1.0,0.88,1.0,N,163,161,2.0,8.0,0.5,0.5,0.0,0.0,0.3,11.8,2.5,2019-12-31 19:15:06,2019-12-31 19:25:58
23,2.0,1.0,0.7,1.0,N,244,116,2.0,4.5,0.5,0.5,0.0,0.0,0.3,5.8,0.0,2019-12-31 23:57:21,2019-12-31 23:59:35
24,2.0,2.0,0.46,1.0,N,233,161,1.0,4.0,0.5,0.5,1.56,0.0,0.3,9.36,2.5,2019-12-31 23:52:26,2019-12-31 23:55:52
25,2.0,4.0,0.93,1.0,N,162,163,1.0,6.0,0.5,0.5,2.0,0.0,0.3,11.8,2.5,2019-12-31 23:41:02,2019-12-31 23:46:53
26,2.0,1.0,0.8,1.0,N,42,41,2.0,5.0,0.5,0.5,0.0,0.0,0.3,6.3,0.0,2019-12-31 23:51:04,2019-12-31 23:54:23
27,2.0,1.0,4.09,1.0,N,42,247,1.0,14.0,0.5,0.5,0.0,0.0,0.3,15.3,0.0,2019-12-31 23:45:21,2019-12-31 23:56:13
28,2.0,1.0,0.18,1.0,N,79,107,1.0,3.5,0.5,0.5,1.46,0.0,0.3,8.76,2.5,2019-12-31 19:12:45,2019-12-31 19:15:19
29,2.0,1.0,3.73,1.0,N,107,263,1.0,13.0,0.5,0.5,2.0,0.0,0.3,18.8,2.5,2019-12-31 19:19:39,2019-12-31 19:32:24
30,2.0,1.0,2.87,1.0,N,87,54,2.0,11.5,0.5,0.5,0.0,0.0,0.3,15.3,2.5,2019-12-31 19:52:59,2019-12-31 20:06:05
31,2.0,1.0,17.35,1.0,N,132,17,1.0,47.5,0.5,0.5,9.76,0.0,0.3,58.56,0.0,2019-12-31 17:41:46,2019-12-31 18:12:41
32,2.0,1.0,0.69,1.0,N,24,238,2.0,4.5,0.5,0.5,0.0,0.0,0.3,8.3,2.5,2019-12-31 15:30:40,2019-12-31 15:33:04
33,2.0,1.0,3.0,1.0,N,238,229,2.0,11.5,0.5,0.5,0.0,0.0,0.3,15.3,2.5,2019-12-31 15:34:11,2019-12-31 15:46:24
34,2.0,1.0,2.08,1.0,N,141,137,1.0,9.5,0.5,0.5,2.66,0.0,0.3,15.96,2.5,2019-12-31 15:49:04,2019-12-31 16:00:43
35,2.0,6.0,2.34,1.0,N,143,162,2.0,11.0,0.5,0.5,0.0,0.0,0.3,14.8,2.5,2019-12-31 13:26:03,2019-12-31 13:39:58
36,2.0,6.0,4.0,1.0,N,161,74,1.0,14.0,0.5,0.5,2.0,0.0,0.3,19.8,2.5,2019-12-31 13:44:49,2019-12-31 13:59:39
37,2.0,3.0,4.79,1.0,N,48,231,1.0,22.5,0.5,0.5,2.63,0.0,0.3,28.93,2.5,2019-12-31 23:12:37,2019-12-31 23:44:37
38,2.0,6.0,6.12,1.0,N,43,255,2.0,23.5,0.5,0.5,0.0,0.0,0.3,27.3,2.5,2019-12-31 16:03:02,2019-12-31 16:32:48
39,2.0,1.0,1.34,1.0,N,116,42,1.0,8.0,0.5,0.5,0.0,0.0,0.3,9.3,0.0,2019-12-31 19:04:33,2019-12-31 19:13:59
40,2.0,1.0,1.26,1.0,N,231,148,2.0,8.0,0.5,0.5,0.0,0.0,0.3,11.8,2.5,2019-12-31 19:13:46,2019-12-31 19:23:49
41,2.0,1.0,3.26,1.0,N,148,112,1.0,11.5,0.5,0.5,3.06,0.0,0.3,18.36,2.5,2019-12-31 19:26:08,2019-12-31 19:34:40
42,2.0,1.0,6.56,1.0,N,142,244,1.0,20.0,0.5,0.5,4.76,0.0,0.3,28.56,2.5,2019-12-31 15:37:32,2019-12-31 15:51:23
43,2.0,1.0,1.38,1.0,N,170,90,1.0,8.0,0.5,0.5,2.95,0.0,0.3,14.75,2.5,2019-12-31 16:01:57,2019-12-31 16:10:58
44,2.0,6.0,4.11,1.0,N,74,167,2.0,15.5,0.5,0.5,0.0,0.0,0.3,16.8,0.0,2019-12-31 14:01:22,2019-12-31 14:16:22
45,2.0,3.0,0.67,1.0,N,50,50,1.0,5.0,0.5,0.5,1.76,0.0,0.3,10.56,2.5,2019-12-31 23:05:13,2019-12-31 23:09:55
46,2.0,3.0,1.75,1.0,N,48,68,1.0,8.5,0.5,0.5,2.46,0.0,0.3,14.76,2.5,2019-12-31 23:15:27,2019-12-31 23:25:06
47,2.0,2.0,0.28,1.0,N,68,246,1.0,3.5,0.5,0.5,0.0,0.0,0.3,7.3,2.5,2019-12-31 23:27:57,2019-12-31 23:30:02
48,2.0,2.0,1.07,1.0,N,68,90,2.0,5.5,0.5,0.5,0.0,0.0,0.3,9.3,2.5,2019-12-31 23:32:41,2019-12-31 23:36:45
49,2.0,2.0,1.91,1.0,N,234,79,2.0,9.0,0.5,0.5,0.0,0.0,0.3,12.8,2.5,2019-12-31 23:39:51,2019-12-31 23:50:05
50,2.0,1.0,0.07,1.0,N,148,148,1.0,3.0,0.5,0.5,1.22,0.0,0.3,9.97,2.5,2019-12-31 23:52:04,2019-12-31 23:53:55
51,2.0,1.0,3.17,1.0,N,87,79,1.0,12.0,0.5,0.5,2.5,0.0,0.3,18.3,2.5,2019-12-31 19:12:36,2019-12-31 19:23:42
52,2.0,1.0,2.11,1.0,N,79,107,1.0,10.5,0.5,0.5,2.86,0.0,0.3,17.16,2.5,2019-12-31 19:25:00,2019-12-31 19:38:09
53,2.0,1.0,1.86,1.0,N,79,186,1.0,8.5,0.5,0.5,2.46,0.0,0.3,14.76,2.5,2019-12-31 19:39:44,2019-12-31 19:48:59
54,2.0,1.0,1.71,1.0,N,100,137,1.0,9.5,0.5,0.5,2.66,0.0,0.3,15.96,2.5,2019-12-31 19:50:22,2019-12-31 20:02:28
55,2.0,1.0,0.0,1.0,N,164,164,2.0,2.5,0.5,0.5,0.0,0.0,0.3,3.8,0.0,2019-12-31 23:13:17,2019-12-31 23:14:38
56,2.0,2.0,1.92,1.0,N,234,232,1.0,9.0,0.5,0.5,2.56,0.0,0.3,15.36,2.5,2019-12-31 23:21:46,2019-12-31 23:31:09
57,2.0,1.0,0.56,1.0,N,249,68,2.0,4.0,0.5,0.5,0.0,0.0,0.3,7.8,2.5,2019-12-31 19:21:45,2019-12-31 19:24:36
58,2.0,1.0,2.66,1.0,N,249,87,1.0,11.0,0.5,0.5,2.0,0.0,0.3,16.8,2.5,2019-12-31 19:27:02,2019-12-31 19:38:46
59,2.0,1.0,1.94,1.0,N,87,249,1.0,9.5,0.5,0.5,1.44,0.0,0.3,14.74,2.5,2019-12-31 19:40:23,2019-12-31 19:52:20
60,2.0,2.0,5.22,1.0,N,230,260,2.0,18.5,0.5,0.5,0.0,0.0,0.3,22.3,2.5,2019-12-31 23:21:21,2019-12-31 23:39:38
61,2.0,1.0,7.55,1.0,N,229,244,1.0,25.5,0.5,0.5,5.86,0.0,0.3,35.16,2.5,2019-12-31 19:20:53,2019-12-31 19:50:08
62,2.0,1.0,0.62,5.0,N,114,125,3.0,-60.0,0.0,0.0,0.0,0.0,-0.3,-62.8,-2.5,2019-12-31 15:33:38,2019-12-31 15:38:18
63,2.0,1.0,0.62,5.0,N,114,125,2.0,60.0,0.0,0.0,0.0,0.0,0.3,62.8,2.5,2019-12-31 15:33:38,2019-12-31 15:38:18
64,2.0,1.0,1.3,1.0,N,142,162,1.0,5.5,0.5,0.5,0.8,0.0,0.3,10.1,2.5,2019-12-31 19:19:23,2019-12-31 19:23:01
65,2.0,1.0,1.44,1.0,N,233,230,1.0,7.5,0.5,0.5,2.26,0.0,0.3,13.56,2.5,2019-12-31 19:27:10,2019-12-31 19:34:29
66,2.0,1.0,0.13,1.0,N,249,249,2.0,2.5,0.0,0.5,0.0,0.0,0.3,5.8,2.5,2019-12-31 15:33:50,2019-12-31 15:34:07
67,2.0,1.0,8.86,1.0,N,138,236,1.0,25.5,0.0,0.5,5.0,6.12,0.3,39.92,2.5,2019-12-31 15:48:38,2019-12-31 16:06:41
